0
0
0
0
0
1
-1
1
-1
1
2
-4
15
-31
61
-26
91
207
-72
199
-19
181
179
-206
168
384
-280
21
228
-36
-129
10
143
-234
-321
-160
-40
-191
-214
190
-181
-419
262
-87
-194
-345
30
-21
-153
138
-42
223
2
203
210
-174
196
412
-253
47
254
-10
-104
34
166
-212
-300
-139
-20
-171
-195
209
-162
-400
281
-68
-176
-328
47
-4
-137
154
-26
239
17
218
225
-160
210
426
-239
61
267
2
-92
46
178
-200
-288
-128
-9
-161
-185
218
-153
-392
288
-61
-169
-321
53
1
-132
159
-22
243
21
221
228
-157
213
429
-236
64
270
5
-89
49
181
-197
-285
-125
-6
-158
-182
221
-150
-389
291
-58
-166
-318
56
4
-129
162
-19
246
24
224
230
-155
214
430
-235
65
271
6
-88
50
182
-196
-284
-124
-5
-157
-181
222
-149
-388
292
-57
-165
-317
57
5
-128
163
-18
247
25
225
231
-154
215
431
-235
65
271
6
-88
50
182
-196
-284
-124
-5
-157
-181
222
-149
-388
292
-57
-165
-317
57
5
-128
163
-18
247
25
225
231
-154
215
431
-235
65
271
6
-88
50
182
-196
-284
-124
-5
-157
-181
222
-149
-388
292
-57
-165
-317
57
5
-128
163
-18
247
25
225
231
-154
215
431
-235
65
271
6
-88
50
182
-196
-284
-124
-5
-157
-181
222
-149
-388
292
-57
-165
-317
57
5
-128
163
-18
247
25
225
231
-154
215
431
-235
65
271
6
-88
50
182
-196
-284
-124
-5
-157
-181
222
-149
-388
292
-57
-165
-317
57
5
-128
163
-18
247
25
225
231
-154
215
431
-235
65
271
6
-88
50
182
-196
-284
-124
-5
-157
-181
222
-149
-388
292
-57
-165
-317
57
5
-128
163
-18
247
25
225
231
-154
215
431
-235
65
271
6
-88
50
182
-196
-284
-124
-5
-157
-181
222
-149
-388
292
-57
-165
-317
57
5
-128
163
-18
247
25
225
231
-154
215
431
-235
65
271
6
-88
50
182
-196
-284
-124
-5
-157
-181
222
-149
-388
292
-57
-165
-317
57
5
-128
163
-18
247
25
225
231
-154
215
431
-235
65
271
6
-88
50
182
-196
-284
-124
-5
-157
-181
222
-149
-388
292
-57
-165
-317
57
5
-128
163
-18
247
25
225
231
-154
215
431
-235
65
271
6
-88
50
182
-196
-284
-124
-5
-157
-181
222
-149
-388
292
-57
-165
-317
57
5
-128
163
-18
247
25
225
231
-154
215
431
-235
65
271
6
-88
50
182
-196
-284
-124
-5
-157
-181
222
-149
-388
292
-57
-165
-317
57
5
-128
163
-18
247
25
225
231
-154
215
431
-235
65
271
6
-88
50
182
-196
-284
-124
-5
-157
-181
222
-149
-388
292
-57
-165
-317
57
5
-128
163
-18
247
25
225
231
-154
215
431
-235
65
271
6
-88
50
182
-196
-284
-124
-5
-157
-181
222
-149
-388
292
-57
-165
-317
57
5
-128
163
-18
247
25
225
231
-154
215
431
-235
65
271
6
-88
50
182
-196
-284
-124
-5
-157
-181
222
-149
-388
292
-57
-165
-317
57
5
-128
163
-18
247
25
225
231
-154
215
431
-235
65
271
6
-88
50
182
-196
-284
-124
-5
-157
-181
222
-149
-388
292
-57
-165
-317
57
5
-128
163
-18
247
25
225
231
-154
215
431
-235
65
271
6
-88
50
182
-196
-284
-124
-5
-157
-181
222
-149
-388
292
-57
-165
-317
57
5
-128
163
-18
247
25
225
231
-154
215
431
-235
65
271
6
-88
50
182
-196
-284
-124
-5
-157
-181
222
-149
-388
292
-57
-165
-317
57
5
-128
163
-18
247
25
225
231
-154
215
431
-235
65
271
6
-88
50
182
-196
-284
-124
-5
-157
-181
222
-149
-388
292
-57
-165
-317
57
5
-128
163
-18
247
25
225
231
-154
215
431
-235
65
271
6
-88
50
182
-196
-284
-124
-5
-157
-181
222
-149
-388
292
-57
-165
-317
57
5
-128
163
-18
247
25
225
231
-154
215
431
-235
65
271
6
-88
50
182
-196
-284
-124
-5
-157
-181
222
-149
-388
292
-57
-165
-317
57
5
-128
163
-18
247
25
225
231
-154
215
431
-235
65
271
6
-88
50
182
-196
-284
-124
-5
-157
-181
222
-149
-388
292
-57
-165
-317
57
5
-128
163
-18
247
25
225
231
-154
215
431
-235
65
271
6
-88
50
182
-196
-284
-124
-5
-157
-181
222
-149
-388
292
-57
-165
-317
57
5
-128
163
-18
247
25
225
231
-154
215
431
-235
65
271
6
-88
50
182
-196
-284
-124
-5
-157
-181
222
-149
-388
292
-57
-165
-317
57
5
-128
163
-18
247
25
225
231
-154
215
431
-235
65
271
6
-88
50
182
-196
-284
-124
-5
-157
-181
222
-149
-388
292
-57
-165
-317
57
5
-128
163
-18
247
25
225
231
-154
215
431
-235
65
271
6
-88
50
182
-196
-284
-124
-5
-157
-181
222
-149
-388
292
-57
-165
-317
57
5
-128
163
-18
247
25
225
231
-154
215
431
-235
65
271
6
-88
50
182
-196
-284
-124
-5
-157
-181
222
-149
-388
292
-57
-165
-317
57
5
-128
163
-18
247
25
225
231
-154
215
431
-235
65
271
6
-88
50
182
-196
-284
-124
-5
-157
-181
222
-149
-388
292
-57
-165
-317
57
5
-128
163
-18
247
25
225
231
-154
215
431
-235
65
271
6
-88
50
182
-196
-284
-124
-5
-157
-181
222
-149
-388
292
-57
-165
-317
57
5
-128
163
-18
247
25
225
231
-154
215
431
-235
65
271
6
-88
50
182
-196
-284
-124
-5
-157
-181
222
-149
-388
292
-57
-165
-317
57
5
-128
163
-18
247
25
225
231
-154
215
431
-235
65
271
6
-88
50
182
-196
-284
-124
-5
-157
-181
222
-149
-388
292
-57
-165
-317
57
5
-128
163
-18
247
25
225
231
-154
215
431
-235
65
271
6
-88
50
182
-196
-284
-124
-5
-157
-181
222
-149
-388
292
-57
-165
-317
57
5
-128
163
-18
247
25
225
231
-154
215
431
-235
65
271
6
-88
50
182
-196
-284
-124
-5
-157
-181
222
-149
-388
292
-57
-165
-317
57
5
-128
163
-18
247
25
225
231
-154
215
431
-235
65
271
6
-88
50
182
-196
-284
-124
-5
-157
-181
222
-149
-388
292
-57
-165
-317
57
5
-128
163
-18
247
25
225
231
-154
215
431
-235
65
271
6
-88
50
182
-196
-284
-124
-5
-157
-181
222
-149
-388
292
-57
-165
-317
57
5
-128
163
-18
247
25
225
231
-154
215
431
-235
65
271
6
-88
50
182
-196
-284
-124
-5
-157
-181
222
-149
-388
292
-57
-165
-317
57
5
-128
163
-18
247
25
225
231
-154
215
431
-235
65
271
6
-88
50
182
-196
-284
-124
-5
-157
-181
222
-149
-388
292
-57
-165
-317
57
5
-128
163
-18
247
25
225
231
-154
215
431
-235
65
271
6
-88
50
182
-196
-284
-124
-5
-157
-181
222
-149
-388
292
-57
-165
-317
57
5
-128
163
-18
247
25
225
231
-154
215
431
-235
65
271
6
-88
50
182
-196
-284
-124
-5
-157
-181
222
-149
-388
292
-57
-165
-317
57
5
-128
163
-18
247
25
225
231
-154
215
431
-235
65
271
6
-88
50
182
-196
-284
-124
-5
-157
-181
222
-149
-388
292
-57
-165
-317
57
5
-128
163
-18
247
25
225
231
-154
215
431
-235
65
271
6
-88
50
182
-196
-284
-124
-5
-157
-181
222
-149
-388
292
-57
-165
-317
57
5
-128
163
-18
247
25
225
231
-154
215
431
-235
65
271
6
-88
50
182
-196
-284
-124
-5
-157
-181
222
-149
-388
292
-57
-165
-317
57
5
-128
163
-18
247
25
225
231
-154
215
431
-235
65
271
6
-88
50
182
-196
-284
-124
-5
-157
-181
222
-149
-388
292
-57
-165
-317
57
5
-128
163
-18
247
25
225
231
-154
215
431
-235
65
271
6
-88
50
182
-196
-284
-124
-5
-157
-181
222
-149
-388
292
-57
-165
-317
57
5
-128
163
-18
247
25
225
231
-154
215
431
-235
65
271
6
-88
50
182
-196
-284
-124
-5
-157
-181
222
-149
-388
292
-57
-165
-317
57
5
-128
163
-18
247
25
225
231
-154
215
431
-235
65
271
6
-88
50
182
-196
-284
-124
-5
-157
-181
222
-149
-388
292
-57
-165
-317
57
5
-128
163
-18
247
25
225
231
-154
215
431
-235
65
271
6
-88
50
182
-196
-284
-124
-5
-157
-181
222
-149
-388
292
-57
-165
-317
57
5
-128
163
-18
247
25
225
231
-154
215
431
-235
65
271
6
-88
50
182
-196
-284
-124
-5
-157
-181
222
-149
-388
292
-57
-165
-317
57
5
-128
163
-18
247
25
225
231
-154
215
431
-235
65
271
6
-88
50
182
-196
-284
-124
-5
-157
-181
222
-149
-388
292
-57
-165
-317
57
5
-128
163
-18
247
25
225
231
-154
215
431
-235
65
271
6
-88
50
182
-196
-284
-124
-5
-157
-181
222
-149
-388
292
-57
-165
-317
57
5
-128
163
-18
247
25
225
231
-154
215
431
-235
65
271
6
-88
50
182
-196
-284
-124
-5
-157
-181
222
-149
-388
292
-57
-165
-317
57
5
-128
163
-18
247
25
225
231
-154
215
431
-235
65
271
6
-88
50
182
-196
-284
-124
-5
-157
-181
222
-149
-388
292
-57
-165
-317
57
5
-128
163
-18
247
25
225
231
-154
215
431
-235
65
271
6
-88
50
182
-196
-284
-124
-5
-157
-181
222
-149
-388
292
-57
-165
-317
57
5
-128
163
-18
247
25
225
231
-154
215
431
-235
65
271
6
-88
50
182
-196
-284
-124
-5
-157
-181
222
-149
-388
292
-57
-165
-317
57
5
-128
163
-18
247
25
225
231
-154
215
431
-235
65
271
6
-88
50
182
-196
-284
-124
-5
-157
-181
222
-149
-388
292
-57
-165
-317
57
5
-128
163
-18
247
25
225
231
-154
215
431
-235
65
271
6
-88
50
182
-196
-284
-124
-5
-157
-181
222
-149
-388
292
-57
-165
-317
57
5
-128
163
-18
247
25
225
231
-154
215
431
-235
65
271
6
-88
50
182
-196
-284
-124
-5
-157
-181
222
-149
-388
292
-57
-165
-317
57
5
-128
163
-18
247
25
225
231
-154
215
431
-235
65
271
6
-88
50
182
-196
-284
-124
-5
-157
-181
222
-149
-388
292
-57
-165
-317
57
5
-128
163
-18
247
25
225
231
-154
215
431
-235
65
271
6
-88
50
182
-196
-284
-124
-5
-157
-181
222
-149
-388
292
-57
-165
-317
57
5
-128
163
-18
247
25
225
231
-154
215
431
-235
65
271
6
-88
50
182
-196
-284
-124
-5
-157
-181
222
-149
-388
292
-57
-165
-317
57
5
-128
163
-18
247
25
225
231
-154
215
431
-235
65
271
6
-88
50
182
-196
-284
-124
-5
-157
-181
222
-149
-388
292
-57
-165
-317
57
5
-128
163
-18
247
25
225
231
-154
215
431
-235
65
271
6
-88
50
182
-196
-284
-124
-5
-157
-181
222
-149
-388
292
-57
-165
-317
57
5
-128
163
-18
247
25
225
231
-154
215
431
-235
65
271
6
-88
50
182
-196
-284
-124
-5
-157
-181
222
-149
-388
292
-57
-165
-317
57
5
-128
163
-18
247
25
225
231
-154
215
431
-235
65
271
6
-88
50
182
-196
-284
-124
-5
-157
-181
222
-149
-388
292
-57
-165
-317
57
5
-128
163
-18
247
25
225
231
-154
215
431
-235
65
271
6
-88
50
182
-196
-284
-124
-5
-157
-181
222
-149
-388
292
-57
-165
-317
57
5
-128
163
-18
247
25
225
231
-154
215
431
-235
65
271
6
-88
50
182
-196
-284
-124
-5
-157
-181
222
-149
-388
292
-57
-165
-317
57
5
-128
163
-18
247
25
225
231
-154
215
431
-235
65
271
6
-88
50
182
-196
-284
-124
-5
-157
-181
222
-149
-388
292
-57
-165
-317
57
5
-128
163
-18
247
25
225
231
-154
215
431
-235
65
271
6
-88
50
182
-196
-284
-124
-5
-157
-181
222
-149
-388
292
-57
-165
-317
57
5
-128
163
-18
247
25
225
231
-154
215
431
-235
65
271
6
-88
50
182
-196
-284
-124
-5
-157
-181
222
-149
-388
292
-57
-165
-317
57
5
-128
163
-18
247
25
225
231
-154
215
431
-235
65
271
6
-88
50
182
-196
-284
-124
-5
-157
-181
222
-149
-388
292
-57
-165
-317
57
5
-128
163
-18
247
25
225
231
-154
215
431
-235
65
271
6
-88
50
182
-196
-284
-124
-5
-157
-181
222
-149
-388
292
-57
-165
-317
57
5
-128
163
-18
247
25
225
231
-154
215
431
-235
65
271
6
-88
50
182
-196
-284
-124
-5
-157
-181
222
-149
-388
292
-57
-165
-317
57
5
-128
163
-18
247
25
225
231
-154
215
431
-235
65
271
6
-88
50
182
-196
-284
-124
-5
-157
-181
222
-149
-388
292
-57
-165
-317
57
5
-128
163
-18
247
25
225
231
-154
215
431
-235
65
271
6
-88
50
182
-196
-284
-124
-5
-157
-181
222
-149
-388
292
-57
-165
-317
57
5
-128
163
-18
247
25
225
231
-154
215
431
-235
65
271
6
-88
50
182
-196
-284
-124
-5
-157
-181
222
-149
-388
292
-57
-165
-317
57
5
-128
163
-18
247
25
225
231
-154
215
431
-235
65
271
6
-88
50
182
-196
-284
-124
-5
-157
-181
222
-149
-388
292
-57
-165
-317
57
5
-128
163
-18
247
25
225
231
-154
215
431
-235
65
271
6
-88
50
182
-196
-284
-124
-5
-157
-181
222
-149
-388
292
-57
-165
-317
57
5
-128
163
-18
247
25
225
231
-154
215
431
-235
65
271
6
-88
50
182
-196
-284
-124
-5
-157
-181
222
-149
-388
292
-57
-165
-317
57
5
-128
163
-18
247
25
225
231
-154
215
431
-235
65
271
6
-88
50
182
-196
-284
-124
-5
-157
-181
222
-149
-388
292
-57
-165
-317
57
5
-128
163
-18
247
25
225
231
-154
215
431
-235
65
271
6
-88
50
182
-196
-284
-124
-5
-157
-181
222
-149
-388
292
-57
-165
-317
57
5
-128
163
-18
247
25
225
231
-154
215
431
-235
65
271
6
-88
50
182
-196
-284
-124
-5
-157
-181
222
-149
-388
292
-57
-165
-317
57
5
-128
163
-18
247
25
225
231
-154
215
431
-235
65
271
6
-88
50
182
-196
-284
-124
-5
-157
-181
222
-149
-388
292
-57
-165
-317
57
5
-128
163
-18
247
25
225
231
-154
215
431
-235
65
271
6
-88
50
182
-196
-284
-124
-5
-157
-181
222
-149
-388
292
-57
-165
-317
57
5
-128
163
-18
247
25
225
231
-154
215
431
-235
65
271
6
-88
50
182
-196
-284
-124
-5
-157
-181
222
-149
-388
292
-57
-165
-317
57
5
-128
163
-18
247
25
225
231
-154
215
431
-235
65
271
6
-88
50
182
-196
-284
-124
-5
-157
-181
222
-149
-388
292
-57
-165
-317
57
5
-128
163
-18
247
25
225
231
-154
215
431
-235
65
271
6
-88
50
182
-196
-284
-124
-5
-157
-181
222
-149
-388
292
-57
-165
-317
57
5
-128
163
-18
247
25
225
231
-154
215
431
-235
65
271
6
-88
50
182
-196
-284
-124
-5
-157
-181
222
-149
-388
292
-57
-165
-317
57
5
-128
163
-18
247
25
225
231
-154
215
431
-235
65
271
6
-88
50
182
-196
-284
-124
-5
-157
-181
222
-149
-388
292
-57
-165
-317
57
5
-128
163
-18
247
25
225
231
-154
215
431
-235
65
271
6
-88
50
182
-196
-284
-124
-5
-157
-181
222
-149
-388
292
-57
-165
-317
57
5
-128
163
-18
247
25
225
231
-154
215
431
-235
65
271
6
-88
50
182
-196
-284
-124
-5
-157
-181
222
-149
-388
292
-57
-165
-317
57
5
-128
163
-18
247
25
225
231
-154
215
431
-235
65
271
6
-88
50
182
-196
-284
-124
-5
-157
-181
222
-149
-388
292
-57
-165
-317
57
5
-128
163
-18
247
25
225
231
-154
215
431
-235
65
271
6
-88
50
182
-196
-284
-124
-5
-157
-181
222
-149
-388
292
-57
-165
-317
57
5
-128
163
-18
247
25
225
231
-154
215
431
-235
65
271
6
-88
50
182
-196
-284
-124
-5
-157
-181
222
-149
-388
292
-57
-165
-317
57
5
-128
163
-18
247
25
225
231
-154
215
431
-235
65
271
6
-88
50
182
-196
-284
-124
-5
-157
-181
222
-149
-388
292
-57
-165
-317
57
5
-128
163
-18
247
25
225
231
-154
215
431
-235
65
271
6
-88
50
182
-196
-284
-124
-5
-157
-181
222
-149
-388
292
-57
-165
-317
57
5
-128
163
-18
247
25
225
231
-154
215
431
-235
65
271
6
-88
50
182
-196
-284
-124
-5
-157
-181
222
-149
-388
292
-57
-165
-317
57
5
-128
163
-18
247
25
225
231
-154
215
431
-235
65
271
6
-88
50
