0
0
0
0
0
0
0
0
0
0
1
-1
1
4
0
8
2
21
83
58
45
-7
-150
-94
-79
-106
64
94
67
20
-129
-72
-59
-89
79
106
79
31
-120
-65
-53
-84
83
109
81
32
-119
-64
-52
-83
84
110
82
33
-118
-63
-51
-83
84
110
82
33
-118
-63
-51
-83
84
110
82
33
-118
-63
-51
-83
84
110
82
33
-118
-63
-51
-83
84
110
82
33
-118
-63
-51
-83
84
110
82
33
-118
-63
-51
-83
84
110
82
33
-118
-63
-51
-83
84
110
82
33
-118
-63
-51
-83
84
110
82
33
-118
-63
-51
-83
84
110
82
33
-118
-63
-51
-83
84
110
82
33
-118
-63
-51
-83
84
110
82
33
-118
-63
-51
-83
84
110
82
33
-118
-63
-51
-83
84
110
82
33
-118
-63
-51
-83
84
110
82
33
-118
-63
-51
-83
84
110
82
33
-118
-63
-51
-83
84
110
82
33
-118
-63
-51
-83
84
110
82
33
-118
-63
-51
-83
84
110
82
33
-118
-63
-51
-83
84
110
82
33
-118
-63
-51
-83
84
110
82
33
-118
-63
-51
-83
84
110
82
33
-118
-63
-51
-83
84
110
82
33
-118
-63
-51
-83
84
110
82
33
-118
-63
-51
-83
84
110
82
33
-118
-63
-51
-83
84
110
82
33
-118
-63
-51
-83
84
110
82
33
-118
-63
-51
-83
84
110
82
33
-118
-63
-51
-83
84
110
82
33
-118
-63
-51
-83
84
110
82
33
-118
-63
-51
-83
84
110
82
33
-118
-63
-51
-83
84
110
82
33
-118
-63
-51
-83
84
110
82
33
-118
-63
-51
-83
84
110
82
33
-118
-63
-51
-83
84
110
82
33
-118
-63
-51
-83
84
110
82
33
-118
-63
-51
-83
84
110
82
33
-118
-63
-51
-83
84
110
82
33
-118
-63
-51
-83
84
110
82
33
-118
-63
-51
-83
84
110
82
33
-118
-63
-51
-83
84
110
82
33
-118
-63
-51
-83
84
110
82
33
-118
-63
-51
-83
84
110
82
33
-118
-63
-51
-83
84
110
82
33
-118
-63
-51
-83
84
110
82
33
-118
-63
-51
-83
84
110
82
33
-118
-63
-51
-83
84
110
82
33
-118
-63
-51
-83
84
110
82
33
-118
-63
-51
-83
84
110
82
33
-118
-63
-51
-83
84
110
82
33
-118
-63
-51
-83
84
110
82
33
-118
-63
-51
-83
84
110
82
33
-118
-63
-51
-83
84
110
82
33
-118
-63
-51
-83
84
110
82
33
-118
-63
-51
-83
84
110
82
33
-118
-63
-51
-83
84
110
82
33
-118
-63
-51
-83
84
110
82
33
-118
-63
-51
-83
84
110
82
33
-118
-63
-51
-83
84
110
82
33
-118
-63
-51
-83
84
110
82
33
-118
-63
-51
-83
84
110
82
33
-118
-63
-51
-83
84
110
82
33
-118
-63
-51
-83
84
110
82
33
-118
-63
-51
-83
84
110
82
33
-118
-63
-51
-83
84
110
82
33
-118
-63
-51
-83
84
110
82
33
-118
-63
-51
-83
84
110
82
33
-118
-63
-51
-83
84
110
82
33
-118
-63
-51
-83
84
110
82
33
-118
-63
-51
-83
84
110
82
33
-118
-63
-51
-83
84
110
82
33
-118
-63
-51
-83
84
110
82
33
-118
-63
-51
-83
84
110
82
33
-118
-63
-51
-83
84
110
82
33
-118
-63
-51
-83
84
110
82
33
-118
-63
-51
-83
84
110
82
33
-118
-63
-51
-83
84
110
82
33
-118
-63
-51
-83
84
110
82
33
-118
-63
-51
-83
84
110
82
33
-118
-63
-51
-83
84
110
82
33
-118
-63
-51
-83
84
110
82
33
-118
-63
-51
-83
84
110
82
33
-118
-63
-51
-83
84
110
82
33
-118
-63
-51
-83
84
110
82
33
-118
-63
-51
-83
84
110
82
33
-118
-63
-51
-83
84
110
82
33
-118
-63
-51
-83
84
110
82
33
-118
-63
-51
-83
84
110
82
33
-118
-63
-51
-83
84
110
82
33
-118
-63
-51
-83
84
110
82
33
-118
-63
-51
-83
84
110
82
33
-118
-63
-51
-83
84
110
82
33
-118
-63
-51
-83
84
110
82
33
-118
-63
-51
-83
84
110
82
33
-118
-63
