0
0
0
0
0
0
0
0
0
0
1
-4
6
1
18
-6
10
89
77
92
64
73
52
20
11
-48
-215
-151
-63
-129
-31
-158
-136
12
37
127
77
101
81
42
39
-25
-192
-129
-43
-111
-14
-142
-121
26
51
140
89
112
92
53
49
-16
-183
-121
-35
-103
-6
-135
-114
33
57
146
95
118
97
57
53
-12
-179
-117
-31
-99
-2
-131
-111
35
59
148
97
119
98
58
54
-11
-178
-116
-30
-98
-1
-130
-110
36
60
149
97
119
98
58
54
-11
-178
-116
-30
-98
-1
-130
-110
36
60
149
97
119
98
58
54
-11
-178
-116
-30
-98
-1
-130
-110
36
60
149
97
119
98
58
54
-11
-178
-116
-30
-98
-1
-130
-110
36
60
149
97
119
98
58
54
-11
-178
-116
-30
-98
-1
-130
-110
36
60
149
97
119
98
58
54
-11
-178
-116
-30
-98
-1
-130
-110
36
60
149
97
119
98
58
54
-11
-178
-116
-30
-98
-1
-130
-110
36
60
149
97
119
98
58
54
-11
-178
-116
-30
-98
-1
-130
-110
36
60
149
97
119
98
58
54
-11
-178
-116
-30
-98
-1
-130
-110
36
60
149
97
119
98
58
54
-11
-178
-116
-30
-98
-1
-130
-110
36
60
149
97
119
98
58
54
-11
-178
-116
-30
-98
-1
-130
-110
36
60
149
97
119
98
58
54
-11
-178
-116
-30
-98
-1
-130
-110
36
60
149
97
119
98
58
54
-11
-178
-116
-30
-98
-1
-130
-110
36
60
149
97
119
98
58
54
-11
-178
-116
-30
-98
-1
-130
-110
36
60
149
97
119
98
58
54
-11
-178
-116
-30
-98
-1
-130
-110
36
60
149
97
119
98
58
54
-11
-178
-116
-30
-98
-1
-130
-110
36
60
149
97
119
98
58
54
-11
-178
-116
-30
-98
-1
-130
-110
36
60
149
97
119
98
58
54
-11
-178
-116
-30
-98
-1
-130
-110
36
60
149
97
119
98
58
54
-11
-178
-116
-30
-98
-1
-130
-110
36
60
149
97
119
98
58
54
-11
-178
-116
-30
-98
-1
-130
-110
36
60
149
97
119
98
58
54
-11
-178
-116
-30
-98
-1
-130
-110
36
60
149
97
119
98
58
54
-11
-178
-116
-30
-98
-1
-130
-110
36
60
149
97
119
98
58
54
-11
-178
-116
-30
-98
-1
-130
-110
36
60
149
97
119
98
58
54
-11
-178
-116
-30
-98
-1
-130
-110
36
60
149
97
119
98
58
54
-11
-178
-116
-30
-98
-1
-130
-110
36
60
149
97
119
98
58
54
-11
-178
-116
-30
-98
-1
-130
-110
36
60
149
97
119
98
58
54
-11
-178
-116
-30
-98
-1
-130
-110
36
60
149
97
119
98
58
54
-11
-178
-116
-30
-98
-1
-130
-110
36
60
149
97
119
98
58
54
-11
-178
-116
-30
-98
-1
-130
-110
36
60
149
97
119
98
58
54
-11
-178
-116
-30
-98
-1
-130
-110
36
60
149
97
119
98
58
54
-11
-178
-116
-30
-98
-1
-130
-110
36
60
149
97
119
98
58
54
-11
-178
-116
-30
-98
-1
-130
-110
36
60
149
97
119
98
58
54
-11
-178
-116
-30
-98
-1
-130
-110
36
60
149
97
119
98
58
54
-11
-178
-116
-30
-98
-1
-130
-110
36
60
149
97
119
98
58
54
-11
-178
-116
-30
-98
-1
-130
-110
36
60
149
97
119
98
58
54
-11
-178
-116
-30
-98
-1
-130
-110
36
60
149
97
119
98
58
54
-11
-178
-116
-30
-98
-1
-130
-110
36
60
149
97
119
98
58
54
-11
-178
-116
-30
-98
-1
-130
-110
36
60
149
97
119
98
58
54
-11
-178
-116
-30
-98
-1
-130
-110
36
60
149
97
119
98
58
54
-11
-178
-116
-30
-98
-1
-130
-110
36
60
149
97
119
98
58
54
-11
-178
-116
-30
-98
-1
-130
-110
36
60
149
97
119
98
58
54
-11
-178
-116
-30
-98
-1
-130
-110
36
60
149
97
119
98
58
54
-11
-178
-116
-30
-98
-1
-130
-110
36
60
149
97
119
98
58
54
-11
-178
-116
-30
-98
-1
-130
-110
36
60
149
97
119
98
58
54
-11
-178
-116
-30
-98
-1
-130
-110
36
60
149
97
119
98
58
54
-11
-178
-116
-30
-98
-1
-130
-110
36
60
149
97
119
98
58
54
-11
-178
-116
-30
-98
-1
-130
-110
36
60
149
97
119
98
58
54
-11
-178
-116
-30
-98
-1
-130
-110
36
60
149
97
119
98
58
54
-11
-178
-116
-30
-98
-1
-130
-110
36
60
149
97
119
98
58
54
-11
-178
-116
-30
-98
-1
-130
-110
36
60
149
97
119
98
58
54
-11
-178
-116
-30
-98
-1
-130
-110
36
60
149
97
119
98
58
54
-11
-178
-116
-30
-98
-1
-130
-110
36
60
149
97
119
98
58
54
-11
-178
-116
-30
-98
-1
-130
-110
36
60
149
97
119
98
58
54
-11
-178
-116
-30
-98
-1
-130
-110
36
60
149
97
119
98
58
54
-11
-178
-116
-30
-98
-1
-130
-110
36
60
149
97
119
98
58
54
-11
-178
-116
-30
-98
-1
-130
-110
36
60
149
97
119
98
58
54
-11
-178
-116
-30
-98
-1
-130
-110
36
60
149
97
119
98
58
54
-11
-178
-116
-30
-98
-1
-130
-110
36
60
149
97
119
98
58
54
-11
-178
-116
-30
-98
-1
-130
-110
36
60
149
97
119
98
58
54
-11
-178
-116
-30
-98
-1
-130
-110
36
60
149
97
119
98
58
54
-11
-178
-116
-30
-98
-1
-130
-110
36
60
149
97
119
98
58
54
-11
-178
-116
-30
-98
-1
-130
-110
36
60
149
97
119
98
58
54
-11
-178
-116
-30
-98
-1
-130
-110
36
60
149
97
119
98
58
54
-11
-178
-116
-30
-98
-1
-130
-110
36
60
149
97
119
98
58
54
-11
-178
-116
-30
-98
-1
-130
-110
36
60
149
97
119
98
58
54
-11
-178
-116
-30
-98
-1
-130
-110
36
60
149
97
119
98
58
54
-11
-178
-116
-30
-98
-1
-130
-110
36
60
149
97
119
98
58
54
-11
-178
-116
-30
-98
-1
-130
-110
36
60
149
97
119
98
58
54
-11
-178
-116
-30
-98
-1
-130
-110
36
60
149
97
119
98
58
54
-11
-178
-116
-30
-98
-1
-130
-110
36
60
149
97
119
98
58
54
-11
-178
-116
-30
-98
-1
-130
-110
36
60
149
97
119
98
58
54
-11
-178
-116
-30
-98
-1
-130
-110
36
60
149
97
119
98
58
54
-11
-178
-116
-30
-98
-1
-130
-110
36
60
149
97
119
98
58
54
-11
-178
-116
-30
-98
-1
-130
-110
36
60
149
97
119
98
58
54
-11
-178
-116
-30
-98
-1
-130
-110
36
60
149
97
119
98
58
54
-11
-178
-116
-30
-98
-1
-130
-110
36
60
149
97
119
98
58
54
-11
-178
-116
-30
-98
-1
-130
-110
36
60
149
97
119
98
58
54
-11
-178
-116
-30
-98
-1
-130
-110
36
60
149
97
119
98
58
54
-11
-178
-116
-30
-98
-1
-130
-110
36
60
149
97
119
98
58
54
-11
-178
-116
-30
-98
-1
-130
-110
36
60
149
97
119
98
58
54
-11
-178
-116
-30
-98
-1
-130
-110
36
60
149
97
119
98
58
54
-11
-178
-116
-30
-98
-1
-130
-110
36
60
149
97
119
98
58
54
-11
-178
-116
-30
-98
-1
-130
-110
36
60
149
97
119
98
58
54
-11
-178
-116
-30
-98
-1
-130
-110
36
60
149
97
119
98
58
54
-11
-178
-116
-30
-98
-1
-130
-110
36
60
149
97
119
98
58
54
-11
-178
-116
-30
-98
-1
-130
-110
36
60
149
97
119
98
58
54
-11
-178
-116
-30
-98
-1
-130
-110
36
60
149
97
119
98
58
54
-11
-178
-116
-30
-98
-1
-130
-110
36
60
149
97
119
98
58
54
-11
-178
-116
-30
-98
-1
-130
-110
36
60
149
97
119
98
58
54
-11
-178
-116
-30
-98
-1
-130
-110
36
60
149
97
119
98
58
54
-11
-178
-116
-30
-98
-1
-130
-110
36
60
149
97
119
98
58
54
-11
-178
-116
-30
-98
-1
-130
-110
36
60
149
97
119
98
58
54
-11
-178
-116
-30
-98
-1
-130
-110
36
60
149
97
119
98
58
54
-11
-178
-116
-30
-98
-1
-130
-110
36
60
149
97
119
98
58
54
-11
-178
-116
-30
-98
-1
-130
